O   0001    1000    item_1  2     500     20
P   0001    1001    300     15
O   0001    1002    item_1a 2     300     10
O   0001    1003    item_1b 1     250     10
P   0002    1004    500     20
O   0002    1005    item_2  3     300     5
P   0002    1006    300     10
O   0002    1007    item_2a 1     500     15
P   0003    1008    1000    10
P   0003    1009    200     15
O   0003    1010    item_3  2     400     10
P   0003    1011    250     10
O   0004    1012    item_4  1     500     10
P   0004    1013    300     5
O   0004    1014    item_4a 2     300     20
P   0004    1015    200     10
O   0005    1016    item_5  2     500     5 
P   0005    1017    300     15
P   0005    1018    800     10
O   0005    1019    item_5a 3     100     10
P   0006    1020    500     10
O   0006    1021    item_6  2     200     5
P   0006    1022    400     10
O   0006    1023    item_6a 1     500     10
O   0007    1024    item_7  1     300     15
P   0007    1025    300     15
O   0007    1026    item_7a 2     200     20
P   0007    1027    500     10
P   0008    1028    1000    15
O   0008    1029    item_8  3     100     10
P   0008    1030    200     15
P   0008    1031    500     10 
O   0009    1032    item_9  2     300     10
O   0009    1033    item_9a 3     200     5
P   0009    1034    300     5
P   0009    1035    500     10
O   0010    1036    item_10 3     100     5
P   0010    1037    500     15
P   0010    1038    1000    20
P   0010    1039    500     10